0.000 0.053 0.134
0.000 0.080 0.131
0.000 0.066 0.163
1.000 0.059 0.142
0.000 0.077 0.075
1.000 0.087 0.091
1.000 0.086 0.126
0.000 0.090 0.125
0.000 0.066 0.146
0.000 0.079 0.072
0.000 0.069 0.118
1.000 0.071 0.131
0.000 0.043 0.131
1.000 0.055 0.143
0.000 0.061 0.141
0.000 0.088 0.093
1.000 0.054 0.152
0.000 0.049 0.147
1.000 0.066 0.127
0.000 0.060 0.129
0.000 0.042 0.142
0.000 0.086 0.129
0.000 0.074 0.130
1.000 0.079 0.126
1.000 0.073 0.098
0.000 0.045 0.143
1.000 0.086 0.125
1.000 0.043 0.158
1.000 0.073 0.126
1.000 0.073 0.123
0.000 0.037 0.137
0.000 0.078 0.073
1.000 0.047 0.161
1.000 0.043 0.160
0.000 0.082 0.097
0.000 0.081 0.090
0.000 0.084 0.086
0.000 0.073 0.093
0.000 0.079 0.092
0.000 0.100 0.149
1.000 0.059 0.132
1.000 0.074 0.124
0.000 0.075 0.123
1.000 0.073 0.116
1.000 0.064 0.103
0.000 0.070 0.135
0.000 0.079 0.062
0.000 0.085 0.107
0.000 0.057 0.147
1.000 0.059 0.152
1.000 0.062 0.147
1.000 0.044 0.157
0.000 0.076 0.076
0.000 0.041 0.140
0.000 0.102 0.152
1.000 0.063 0.145
1.000 0.058 0.161
0.000 0.082 0.107
1.000 0.061 0.115
1.000 0.059 0.124
0.000 0.044 0.148
0.000 0.072 0.148
0.000 0.088 0.130
0.000 0.055 0.133
1.000 0.044 0.157
1.000 0.064 0.094
1.000 0.059 0.148
0.000 0.072 0.066
1.000 0.085 0.081
1.000 0.056 0.119
1.000 0.080 0.147
1.000 0.052 0.149
1.000 0.081 0.091
1.000 0.043 0.161
1.000 0.045 0.159
0.000 0.082 0.123
0.000 0.036 0.141
0.000 0.054 0.151
0.000 0.109 0.173
0.000 0.054 0.133
1.000 0.052 0.161
1.000 0.072 0.160
1.000 0.054 0.143
0.000 0.052 0.147
1.000 0.054 0.152
1.000 0.074 0.095
0.000 0.072 0.120
0.000 0.044 0.131
0.000 0.070 0.146
0.000 0.042 0.137
0.000 0.084 0.092
0.000 0.036 0.142
1.000 0.071 0.144
0.000 0.073 0.093
1.000 0.069 0.123
1.000 0.082 0.150
1.000 0.070 0.150
1.000 0.073 0.105
0.000 0.082 0.108
0.000 0.086 0.101
0.000 0.056 0.141
0.000 0.073 0.151
1.000 0.056 0.142
1.000 0.066 0.119
1.000 0.073 0.114
0.000 0.079 0.096
1.000 0.060 0.149
1.000 0.057 0.142
1.000 0.043 0.113
0.000 0.070 0.127
0.000 0.076 0.083
0.000 0.080 0.109
0.000 0.085 0.115
1.000 0.076 0.103
1.000 0.067 0.115
0.000 0.065 0.140
1.000 0.068 0.122
0.000 0.045 0.137
0.000 0.085 0.105
0.000 0.058 0.141
1.000 0.064 0.140
0.000 0.053 0.138
0.000 0.089 0.092
0.000 0.085 0.133
0.000 0.041 0.131
1.000 0.054 0.153
1.000 0.059 0.135
0.000 0.081 0.103
0.000 0.060 0.149
0.000 0.062 0.140
1.000 0.062 0.147
1.000 0.046 0.150
1.000 0.034 0.157
1.000 0.046 0.156
1.000 0.031 0.155
1.000 0.072 0.108
0.000 0.074 0.110
0.000 0.063 0.138
1.000 0.071 0.141
1.000 0.060 0.134
1.000 0.070 0.093
1.000 0.044 0.153
1.000 0.089 0.114
0.000 0.082 0.127
1.000 0.062 0.146
1.000 0.056 0.142
0.000 0.086 0.097
0.000 0.082 0.110
1.000 0.057 0.134
0.000 0.041 0.121
1.000 0.075 0.107
1.000 0.072 0.135
1.000 0.067 0.111
0.000 0.073 0.104
0.000 0.079 0.116
1.000 0.060 0.148
1.000 0.064 0.143
0.000 0.046 0.141
0.000 0.082 0.104
0.000 0.063 0.134
1.000 0.074 0.141
1.000 0.063 0.146
0.000 0.063 0.152
0.000 0.080 0.102
0.000 0.068 0.101
0.000 0.059 0.136
0.000 0.056 0.153
0.000 0.102 0.148
1.000 0.082 0.167
1.000 0.080 0.150
1.000 0.042 0.147
0.000 0.070 0.117
1.000 0.036 0.158
0.000 0.052 0.134
0.000 0.065 0.146
0.000 0.065 0.152
1.000 0.080 0.134
1.000 0.063 0.143
1.000 0.090 0.137
1.000 0.048 0.160
1.000 0.064 0.144
1.000 0.068 0.110
1.000 0.067 0.120
0.000 0.062 0.121
0.000 0.076 0.125
0.000 0.067 0.148
1.000 0.076 0.149
1.000 0.088 0.123
0.000 0.080 0.073
1.000 0.088 0.093
0.000 0.061 0.150
1.000 0.086 0.114
1.000 0.067 0.116
1.000 0.086 0.083
1.000 0.068 0.149
1.000 0.056 0.142
0.000 0.074 0.113
0.000 0.071 0.115
0.000 0.045 0.138
1.000 0.094 0.216
0.000 0.070 0.144
0.000 0.077 0.078
0.000 0.057 0.134
0.000 0.080 0.085
0.000 0.087 0.130
0.000 0.069 0.107
1.000 0.053 0.162
1.000 0.089 0.135
1.000 0.033 0.154
0.000 0.107 0.181
0.000 0.077 0.091
0.000 0.037 0.137
1.000 0.068 0.115
1.000 0.073 0.141
0.000 0.081 0.075
0.000 0.063 0.158
0.000 0.054 0.146
1.000 0.060 0.150
0.000 0.069 0.127
0.000 0.082 0.084
1.000 0.063 0.146
1.000 0.044 0.162
1.000 0.057 0.147
1.000 0.075 0.144
1.000 0.085 0.129
1.000 0.084 0.130
0.000 0.065 0.145
1.000 0.046 0.160
1.000 0.083 0.088
0.000 0.067 0.121
1.000 0.058 0.148
0.000 0.051 0.146
0.000 0.063 0.152
0.000 0.040 0.145
1.000 0.051 0.151
0.000 0.081 0.077
1.000 0.046 0.159
0.000 0.056 0.141
1.000 0.072 0.152
1.000 0.056 0.143
1.000 0.075 0.116
1.000 0.072 0.127
0.000 0.070 0.150
0.000 0.058 0.149
0.000 0.075 0.104
0.000 0.109 0.173
1.000 0.080 0.081
0.000 0.072 0.120
0.000 0.082 0.114
0.000 0.081 0.132
0.000 0.076 0.073
0.000 0.071 0.071
0.000 0.082 0.175
0.000 0.102 0.150
1.000 0.062 0.134
1.000 0.053 0.122
0.000 0.090 0.165
1.000 0.043 0.159
0.000 0.045 0.143
0.000 0.043 0.139
0.000 0.076 0.116
1.000 0.074 0.128
1.000 0.074 0.116
1.000 0.054 0.152
1.000 0.049 0.136
1.000 0.084 0.125
0.000 0.037 0.130
0.000 0.077 0.094
0.000 0.084 0.096
1.000 0.090 0.118
1.000 0.062 0.145
1.000 0.052 0.146
1.000 0.075 0.135
0.000 0.079 0.074
1.000 0.077 0.149
1.000 0.032 0.172
0.000 0.045 0.136
1.000 0.068 0.153
1.000 0.075 0.100
1.000 0.061 0.149
1.000 0.062 0.143
1.000 0.069 0.136
1.000 0.056 0.151
0.000 0.052 0.145
0.000 0.086 0.135
0.000 0.087 0.119
0.000 0.082 0.102
0.000 0.083 0.083
0.000 0.082 0.074
0.000 0.072 0.121
0.000 0.065 0.148
0.000 0.036 0.141
1.000 0.072 0.140
1.000 0.044 0.153
1.000 0.032 0.171
0.000 0.083 0.096
0.000 0.107 0.179
1.000 0.060 0.137
1.000 0.057 0.132
1.000 0.076 0.107
0.000 0.107 0.176
1.000 0.062 0.142
0.000 0.079 0.122
0.000 0.044 0.144
0.000 0.063 0.137
1.000 0.059 0.133
1.000 0.075 0.105
0.000 0.105 0.166
1.000 0.069 0.143
1.000 0.058 0.155
0.000 0.072 0.080
0.000 0.066 0.101
1.000 0.056 0.153
1.000 0.084 0.099
1.000 0.089 0.116
0.000 0.078 0.101
0.000 0.077 0.155
0.000 0.078 0.141
1.000 0.055 0.160
1.000 0.077 0.069
1.000 0.083 0.113
1.000 0.073 0.118
0.000 0.066 0.124
1.000 0.045 0.155
1.000 0.030 0.153
1.000 0.042 0.159
1.000 0.048 0.151
1.000 0.063 0.147
1.000 0.053 0.162
1.000 0.038 0.168
1.000 0.062 0.151
0.000 0.055 0.149
0.000 0.078 0.117
0.000 0.069 0.121
1.000 0.088 0.121
1.000 0.071 0.134
1.000 0.074 0.122
1.000 0.083 0.131
0.000 0.056 0.138
0.000 0.064 0.047
1.000 0.078 0.087
1.000 0.045 0.159
1.000 0.069 0.141
1.000 0.076 0.108
1.000 0.074 0.116
1.000 0.061 0.140
0.000 0.065 0.135
1.000 0.086 0.138
0.000 0.042 0.140
1.000 0.076 0.140
1.000 0.066 0.129
1.000 0.071 0.127
0.000 0.070 0.055
0.000 0.041 0.140
1.000 0.073 0.136
1.000 0.075 0.139
1.000 0.045 0.167
1.000 0.079 0.102
1.000 0.071 0.117
1.000 0.072 0.098
1.000 0.055 0.162
1.000 0.069 0.109
1.000 0.086 0.083
0.000 0.082 0.100
1.000 0.089 0.105
1.000 0.077 0.141
1.000 0.069 0.151
1.000 0.089 0.140
1.000 0.076 0.050
0.000 0.104 0.153
1.000 0.066 0.140
0.000 0.041 0.134
0.000 0.046 0.126
1.000 0.087 0.120
1.000 0.058 0.149
0.000 0.084 0.098
0.000 0.085 0.129
0.000 0.078 0.097
0.000 0.049 0.140
0.000 0.080 0.076
0.000 0.054 0.141
1.000 0.062 0.161
0.000 0.077 0.112
0.000 0.046 0.135
0.000 0.051 0.151
0.000 0.069 0.147
0.000 0.067 0.122
1.000 0.086 0.138
0.000 0.076 0.097
0.000 0.076 0.124
1.000 0.045 0.167
0.000 0.067 0.133
1.000 0.053 0.125
1.000 0.043 0.159
1.000 0.070 0.142
1.000 0.043 0.159
1.000 0.065 0.123
1.000 0.062 0.128
1.000 0.057 0.141
1.000 0.042 0.157
0.000 0.063 0.138
0.000 0.086 0.114
0.000 0.086 0.133
1.000 0.051 0.136
1.000 0.069 0.134
0.000 0.081 0.083
0.000 0.083 0.100
1.000 0.057 0.143
1.000 0.079 0.150
1.000 0.043 0.153
1.000 0.087 0.126
1.000 0.071 0.141
0.000 0.040 0.130
0.000 0.039 0.133
0.000 0.075 0.124
1.000 0.043 0.164
0.000 0.079 0.104
1.000 0.060 0.149
0.000 0.082 0.100
0.000 0.066 0.127
1.000 0.062 0.153
0.000 0.080 0.077
0.000 0.066 0.151
1.000 0.044 0.142
0.000 0.075 0.116
0.000 0.075 0.098
0.000 0.083 0.101
1.000 0.044 0.158
0.000 0.078 0.072
1.000 0.055 0.160
1.000 0.076 0.134
0.000 0.075 0.074
0.000 0.076 0.110
0.000 0.091 0.164
0.000 0.063 0.110
1.000 0.038 0.149
1.000 0.032 0.151
1.000 0.043 0.157
1.000 0.075 0.118
1.000 0.074 0.169
1.000 0.073 0.121
1.000 0.065 0.122
0.000 0.076 0.120
0.000 0.083 0.128
0.000 0.079 0.086
0.000 0.080 0.093
1.000 0.073 0.090
0.000 0.070 0.084
0.000 0.046 0.143
0.000 0.054 0.150
0.000 0.099 0.150
0.000 0.042 0.134
0.000 0.079 0.111
0.000 0.085 0.133
0.000 0.074 0.149
1.000 0.090 0.106
1.000 0.077 0.146
1.000 0.061 0.148
1.000 0.043 0.157
1.000 0.074 0.122
0.000 0.060 0.140
0.000 0.065 0.133
0.000 0.079 0.086
0.000 0.064 0.133
1.000 0.076 0.141
0.000 0.062 0.140
1.000 0.085 0.162
0.000 0.058 0.139
0.000 0.067 0.140
1.000 0.068 0.157
1.000 0.073 0.124
1.000 0.064 0.118
0.000 0.093 0.163
1.000 0.054 0.144
0.000 0.076 0.145
1.000 0.073 0.100
0.000 0.084 0.097
0.000 0.068 0.142
0.000 0.079 0.080
1.000 0.072 0.138
0.000 0.042 0.144
1.000 0.087 0.128
1.000 0.083 0.142
1.000 0.076 0.155
1.000 0.072 0.147
0.000 0.077 0.107
1.000 0.054 0.152
1.000 0.090 0.115
1.000 0.091 0.124
0.000 0.071 0.115
0.000 0.085 0.116
1.000 0.075 0.141
1.000 0.087 0.089
1.000 0.032 0.155
0.000 0.053 0.150
1.000 0.065 0.137
0.000 0.084 0.074
1.000 0.048 0.154
1.000 0.029 0.152
1.000 0.075 0.090
1.000 0.054 0.145
1.000 0.071 0.128
1.000 0.062 0.130
0.000 0.081 0.083
1.000 0.054 0.152
0.000 0.071 0.121
1.000 0.063 0.153
0.000 0.067 0.102
0.000 0.079 0.124
1.000 0.038 0.172
0.000 0.040 0.141
1.000 0.072 0.138
1.000 0.070 0.139
1.000 0.064 0.142
1.000 0.076 0.142
0.000 0.075 0.129
1.000 0.045 0.157
0.000 0.078 0.131
0.000 0.085 0.148
0.000 0.079 0.078
0.000 0.081 0.134
0.000 0.082 0.088
0.000 0.074 0.143
0.000 0.060 0.131
0.000 0.074 0.095
1.000 0.055 0.144
1.000 0.043 0.154
0.000 0.075 0.068
0.000 0.041 0.135
1.000 0.090 0.115
1.000 0.071 0.126
1.000 0.054 0.142
1.000 0.062 0.145
1.000 0.042 0.158
1.000 0.087 0.087
0.000 0.082 0.077
1.000 0.057 0.143
1.000 0.057 0.161
1.000 0.061 0.149
0.000 0.079 0.078
1.000 0.073 0.144
0.000 0.051 0.138
0.000 0.080 0.140
0.000 0.086 0.134
1.000 0.086 0.126
0.000 0.083 0.083
1.000 0.060 0.150
0.000 0.052 0.145
0.000 0.085 0.121
0.000 0.061 0.131
0.000 0.058 0.145
0.000 0.060 0.131
1.000 0.073 0.138
1.000 0.050 0.127
1.000 0.061 0.110
0.000 0.076 0.103
0.000 0.080 0.113
1.000 0.062 0.135
0.000 0.042 0.142
1.000 0.062 0.140
1.000 0.075 0.135
0.000 0.081 0.092
0.000 0.073 0.080
0.000 0.071 0.090
1.000 0.087 0.089
1.000 0.032 0.152
1.000 0.093 0.132
0.000 0.093 0.162
0.000 0.079 0.106
0.000 0.062 0.143
0.000 0.112 0.178
0.000 0.047 0.148
0.000 0.106 0.175
1.000 0.056 0.132
1.000 0.066 0.094
0.000 0.069 0.138
1.000 0.070 0.097
1.000 0.074 0.108
0.000 0.060 0.144
1.000 0.077 0.137
1.000 0.047 0.161
1.000 0.043 0.161
0.000 0.076 0.089
0.000 0.051 0.141
1.000 0.058 0.141
0.000 0.044 0.144
1.000 0.061 0.132
0.000 0.068 0.154
0.000 0.061 0.144
0.000 0.044 0.108
1.000 0.070 0.142
1.000 0.060 0.158
1.000 0.059 0.151
1.000 0.060 0.147
0.000 0.087 0.128
0.000 0.070 0.149
0.000 0.077 0.072
1.000 0.065 0.117
1.000 0.069 0.119
0.000 0.068 0.147
0.000 0.079 0.087
0.000 0.046 0.142
1.000 0.087 0.085
1.000 0.043 0.160
0.000 0.059 0.140
1.000 0.066 0.103
1.000 0.078 0.095
0.000 0.058 0.138
1.000 0.061 0.144
1.000 0.062 0.146
1.000 0.062 0.153
0.000 0.074 0.095
0.000 0.072 0.092
0.000 0.068 0.116
0.000 0.078 0.107
1.000 0.050 0.168
1.000 0.089 0.112
1.000 0.032 0.150
1.000 0.086 0.085
1.000 0.061 0.148
1.000 0.065 0.124
1.000 0.073 0.092
1.000 0.057 0.147
1.000 0.054 0.159
0.000 0.080 0.089
1.000 0.054 0.126
1.000 0.067 0.138
0.000 0.077 0.103
0.000 0.068 0.102
1.000 0.066 0.117
1.000 0.071 0.087
1.000 0.087 0.138
0.000 0.072 0.064
1.000 0.045 0.153
1.000 0.047 0.163
1.000 0.066 0.158
1.000 0.044 0.144
0.000 0.086 0.104
1.000 0.044 0.157
0.000 0.054 0.140
1.000 0.042 0.156
0.000 0.049 0.133
0.000 0.082 0.140
1.000 0.059 0.147
0.000 0.074 0.144
0.000 0.078 0.071
0.000 0.067 0.152
0.000 0.070 0.094
0.000 0.072 0.127
0.000 0.068 0.132
0.000 0.047 0.146
0.000 0.081 0.085
0.000 0.086 0.099
0.000 0.078 0.077
1.000 0.060 0.148
1.000 0.056 0.151
1.000 0.058 0.139
1.000 0.050 0.143
1.000 0.073 0.138
1.000 0.062 0.148
1.000 0.037 0.171
1.000 0.056 0.142
1.000 0.059 0.149
0.000 0.055 0.153
0.000 0.081 0.136
0.000 0.071 0.117
1.000 0.087 0.143
0.000 0.074 0.110
1.000 0.075 0.118
1.000 0.039 0.135
1.000 0.055 0.141
1.000 0.065 0.148
0.000 0.080 0.079
1.000 0.075 0.139
1.000 0.077 0.159
1.000 0.041 0.158
1.000 0.070 0.141
1.000 0.065 0.102
0.000 0.079 0.124
0.000 0.107 0.174
0.000 0.080 0.080
0.000 0.040 0.133
1.000 0.063 0.141
1.000 0.060 0.153
0.000 0.070 0.114
1.000 0.065 0.125
1.000 0.072 0.119
0.000 0.060 0.124
1.000 0.061 0.149
0.000 0.081 0.115
0.000 0.082 0.108
0.000 0.078 0.153
1.000 0.061 0.166
0.000 0.067 0.124
0.000 0.082 0.082
0.000 0.078 0.110
0.000 0.079 0.076
1.000 0.082 0.131
0.000 0.091 0.164
1.000 0.062 0.094
0.000 0.081 0.075
1.000 0.087 0.122
1.000 0.072 0.148
0.000 0.083 0.103
0.000 0.048 0.136
0.000 0.080 0.101
1.000 0.076 0.145
1.000 0.085 0.101
0.000 0.067 0.148
0.000 0.063 0.151
0.000 0.052 0.137
1.000 0.071 0.146
0.000 0.045 0.145
1.000 0.077 0.120
1.000 0.067 0.135
1.000 0.046 0.162
1.000 0.074 0.101
1.000 0.050 0.147
0.000 0.077 0.121
1.000 0.055 0.135
0.000 0.069 0.124
1.000 0.069 0.131
1.000 0.070 0.141
1.000 0.066 0.066
1.000 0.058 0.145
0.000 0.101 0.148
1.000 0.032 0.174
1.000 0.048 0.156
1.000 0.029 0.150
1.000 0.077 0.101
0.000 0.087 0.109
0.000 0.083 0.127
0.000 0.033 0.135
1.000 0.045 0.144
1.000 0.074 0.158
0.000 0.062 0.133
0.000 0.071 0.141
0.000 0.079 0.121
1.000 0.084 0.114
1.000 0.064 0.140
1.000 0.059 0.155
0.000 0.054 0.142
0.000 0.076 0.139
0.000 0.056 0.137
0.000 0.059 0.129
0.000 0.078 0.116
0.000 0.051 0.127
0.000 0.077 0.122
1.000 0.064 0.139
0.000 0.078 0.108
1.000 0.085 0.108
1.000 0.044 0.156
1.000 0.053 0.144
1.000 0.062 0.147
0.000 0.069 0.119
1.000 0.087 0.123
1.000 0.064 0.160
0.000 0.055 0.148
1.000 0.085 0.124
1.000 0.082 0.139
0.000 0.073 0.143
0.000 0.070 0.134
0.000 0.069 0.120
1.000 0.051 0.163
1.000 0.088 0.122
0.000 0.055 0.147
0.000 0.068 0.154
0.000 0.059 0.133
0.000 0.063 0.139
0.000 0.032 0.140
0.000 0.041 0.146
1.000 0.070 0.138
0.000 0.074 0.124
1.000 0.076 0.108
0.000 0.059 0.127
1.000 0.067 0.118
1.000 0.061 0.144
0.000 0.053 0.153
0.000 0.059 0.138
1.000 0.062 0.109
1.000 0.043 0.158
1.000 0.058 0.154
1.000 0.031 0.151
0.000 0.080 0.077
1.000 0.056 0.144
0.000 0.082 0.172
1.000 0.043 0.152
1.000 0.062 0.146
0.000 0.038 0.137
1.000 0.087 0.131
1.000 0.091 0.106
0.000 0.067 0.117
0.000 0.062 0.140
0.000 0.066 0.140
1.000 0.091 0.124
0.000 0.073 0.118
1.000 0.080 0.135
1.000 0.065 0.129
0.000 0.078 0.103
1.000 0.055 0.159
0.000 0.072 0.069
0.000 0.043 0.145
1.000 0.071 0.141
0.000 0.075 0.112
1.000 0.072 0.138
0.000 0.100 0.147
1.000 0.066 0.146
1.000 0.072 0.138
0.000 0.085 0.108
0.000 0.078 0.149
0.000 0.065 0.129
0.000 0.066 0.124
1.000 0.078 0.142
1.000 0.087 0.126
1.000 0.084 0.097
1.000 0.058 0.135
1.000 0.074 0.110
1.000 0.071 0.096
0.000 0.041 0.134
1.000 0.061 0.148
0.000 0.066 0.137
1.000 0.055 0.124
1.000 0.069 0.149
0.000 0.079 0.092
1.000 0.053 0.152
1.000 0.096 0.133
1.000 0.051 0.151
0.000 0.058 0.132
0.000 0.073 0.147
0.000 0.059 0.149
0.000 0.074 0.118
0.000 0.084 0.126
0.000 0.048 0.143
0.000 0.075 0.149
1.000 0.071 0.099
0.000 0.075 0.115
0.000 0.053 0.144
0.000 0.075 0.088
0.000 0.073 0.146
0.000 0.071 0.092
0.000 0.083 0.139
0.000 0.065 0.155
1.000 0.058 0.152
1.000 0.057 0.151
0.000 0.072 0.125
1.000 0.061 0.143
1.000 0.073 0.140
1.000 0.041 0.160
0.000 0.040 0.140
1.000 0.064 0.144
0.000 0.039 0.139
1.000 0.075 0.140
0.000 0.069 0.137
0.000 0.055 0.151
0.000 0.048 0.139
1.000 0.071 0.136
1.000 0.073 0.139
1.000 0.066 0.146
1.000 0.087 0.123
1.000 0.032 0.170
0.000 0.098 0.164
1.000 0.066 0.145
1.000 0.072 0.138
0.000 0.071 0.116
0.000 0.082 0.081
0.000 0.078 0.150
1.000 0.070 0.150
0.000 0.071 0.081
0.000 0.068 0.139
0.000 0.052 0.140
1.000 0.070 0.125
1.000 0.065 0.112
1.000 0.080 0.128
0.000 0.076 0.146
0.000 0.080 0.118
0.000 0.063 0.152
1.000 0.087 0.110
1.000 0.069 0.143
1.000 0.053 0.153
0.000 0.053 0.145
1.000 0.085 0.083
0.000 0.047 0.141
1.000 0.069 0.134
1.000 0.090 0.121
1.000 0.044 0.124
0.000 0.068 0.120
1.000 0.087 0.122
1.000 0.067 0.118
0.000 0.055 0.142
0.000 0.105 0.166
0.000 0.046 0.125
0.000 0.059 0.140
0.000 0.087 0.100
1.000 0.081 0.137
1.000 0.084 0.127
1.000 0.057 0.143
1.000 0.044 0.157
0.000 0.045 0.131
1.000 0.057 0.140
1.000 0.048 0.157
0.000 0.054 0.144
1.000 0.045 0.160
0.000 0.080 0.105
0.000 0.076 0.147
1.000 0.090 0.117
1.000 0.065 0.147
1.000 0.074 0.124
1.000 0.075 0.130
1.000 0.071 0.114
1.000 0.073 0.150
1.000 0.029 0.153
1.000 0.080 0.146
1.000 0.045 0.146
0.000 0.079 0.100
1.000 0.057 0.153
0.000 0.051 0.143
1.000 0.046 0.163
1.000 0.044 0.159
0.000 0.070 0.130
0.000 0.071 0.098
0.000 0.088 0.094
1.000 0.076 0.144
1.000 0.087 0.125
1.000 0.065 0.157
1.000 0.089 0.141
0.000 0.054 0.131
0.000 0.079 0.111
0.000 0.071 0.065
0.000 0.075 0.122
0.000 0.079 0.104
1.000 0.075 0.108
0.000 0.059 0.140
0.000 0.075 0.115
1.000 0.059 0.122
1.000 0.095 0.093
1.000 0.047 0.160
1.000 0.083 0.121
0.000 0.093 0.160
1.000 0.064 0.144
1.000 0.053 0.125
0.000 0.067 0.139
0.000 0.079 0.147
0.000 0.036 0.144
0.000 0.060 0.153
0.000 0.089 0.104
1.000 0.057 0.139
1.000 0.058 0.161
0.000 0.077 0.071
0.000 0.084 0.117
0.000 0.074 0.127
1.000 0.090 0.170
1.000 0.056 0.155
1.000 0.060 0.148
1.000 0.065 0.147
0.000 0.061 0.138
1.000 0.054 0.158
0.000 0.074 0.130
0.000 0.105 0.166
1.000 0.060 0.141
1.000 0.043 0.157
1.000 0.073 0.140
0.000 0.062 0.138
1.000 0.057 0.143
1.000 0.058 0.153
1.000 0.062 0.155
1.000 0.084 0.122
0.000 0.058 0.143
0.000 0.088 0.111
0.000 0.057 0.151
0.000 0.080 0.077
1.000 0.068 0.134
1.000 0.061 0.158
1.000 0.085 0.084
0.000 0.068 0.121
0.000 0.081 0.074
1.000 0.086 0.096
1.000 0.086 0.131
0.000 0.037 0.139
1.000 0.047 0.160
1.000 0.087 0.123
0.000 0.069 0.112
0.000 0.063 0.148
0.000 0.052 0.140
0.000 0.081 0.078
1.000 0.082 0.072
1.000 0.070 0.141
1.000 0.061 0.147
1.000 0.086 0.119
1.000 0.077 0.142
1.000 0.061 0.162
1.000 0.073 0.126
1.000 0.073 0.097
1.000 0.078 0.127
1.000 0.044 0.150
1.000 0.072 0.126
1.000 0.086 0.129
0.000 0.103 0.152
1.000 0.066 0.158
1.000 0.081 0.134
0.000 0.059 0.136
1.000 0.061 0.141
1.000 0.069 0.126
1.000 0.059 0.121
1.000 0.075 0.112
0.000 0.070 0.133
0.000 0.048 0.140
1.000 0.058 0.144
1.000 0.049 0.152
0.000 0.079 0.089
0.000 0.044 0.143
0.000 0.069 0.149
1.000 0.089 0.133
1.000 0.046 0.146
1.000 0.047 0.163
1.000 0.044 0.157
0.000 0.066 0.126
1.000 0.049 0.163
1.000 0.085 0.119
1.000 0.067 0.141
1.000 0.061 0.146
0.000 0.091 0.160
1.000 0.083 0.146
1.000 0.052 0.166
0.000 0.079 0.067
0.000 0.085 0.107
0.000 0.047 0.148
0.000 0.073 0.128
1.000 0.086 0.121
0.000 0.045 0.145
1.000 0.061 0.162
1.000 0.066 0.155
1.000 0.072 0.138
0.000 0.101 0.151
1.000 0.066 0.126
1.000 0.069 0.098
1.000 0.059 0.144
1.000 0.048 0.160
1.000 0.077 0.095
0.000 0.058 0.149
1.000 0.073 0.117
0.000 0.082 0.113
0.000 0.044 0.148
0.000 0.069 0.125
0.000 0.086 0.136
0.000 0.074 0.146
1.000 0.055 0.143
1.000 0.085 0.127
0.000 0.082 0.088
0.000 0.051 0.151
1.000 0.072 0.102
1.000 0.088 0.128
1.000 0.045 0.156
1.000 0.053 0.142
1.000 0.070 0.110
1.000 0.063 0.102
1.000 0.073 0.145
1.000 0.059 0.153
0.000 0.076 0.124
1.000 0.043 0.157
0.000 0.078 0.075
1.000 0.075 0.129
1.000 0.076 0.064
0.000 0.070 0.134
0.000 0.072 0.097
0.000 0.078 0.091
0.000 0.083 0.098
0.000 0.083 0.100
1.000 0.083 0.149
0.000 0.068 0.132
1.000 0.069 0.134
1.000 0.062 0.151
1.000 0.071 0.141
1.000 0.072 0.138
1.000 0.030 0.151
1.000 0.039 0.153
1.000 0.061 0.157
0.000 0.084 0.124
0.000 0.085 0.142
0.000 0.046 0.142
0.000 0.052 0.139
0.000 0.074 0.126
1.000 0.062 0.151
1.000 0.067 0.138
0.000 0.079 0.105
1.000 0.069 0.143
1.000 0.045 0.158
0.000 0.076 0.109
1.000 0.090 0.117
1.000 0.081 0.153
1.000 0.067 0.152
0.000 0.062 0.138
0.000 0.081 0.094
1.000 0.069 0.141
1.000 0.042 0.160
1.000 0.062 0.157
1.000 0.061 0.147
0.000 0.064 0.140
0.000 0.076 0.140
0.000 0.083 0.138
0.000 0.080 0.107
0.000 0.079 0.079
0.000 0.073 0.156
0.000 0.057 0.154
1.000 0.054 0.142
1.000 0.056 0.151
1.000 0.052 0.130
1.000 0.062 0.133
1.000 0.049 0.156
1.000 0.028 0.149
1.000 0.079 0.101
0.000 0.047 0.144
1.000 0.069 0.142
0.000 0.081 0.080
1.000 0.077 0.141
1.000 0.054 0.151
1.000 0.070 0.134
1.000 0.064 0.140
1.000 0.059 0.133
1.000 0.062 0.150
1.000 0.045 0.160
1.000 0.043 0.159
0.000 0.076 0.112
0.000 0.067 0.138
1.000 0.049 0.162
1.000 0.081 0.139
0.000 0.041 0.139
1.000 0.082 0.114
1.000 0.079 0.159
1.000 0.055 0.129
1.000 0.061 0.143
1.000 0.064 0.143
1.000 0.066 0.148
0.000 0.073 0.114
1.000 0.087 0.106
1.000 0.031 0.150
0.000 0.061 0.138
0.000 0.057 0.149
0.000 0.032 0.142
0.000 0.066 0.152
0.000 0.085 0.111
0.000 0.080 0.106
0.000 0.066 0.139
1.000 0.089 0.105
1.000 0.056 0.132
0.000 0.045 0.133
0.000 0.084 0.109
1.000 0.084 0.136
1.000 0.061 0.147
0.000 0.078 0.074
1.000 0.064 0.143
1.000 0.082 0.130
0.000 0.082 0.125
0.000 0.076 0.078
1.000 0.067 0.111
1.000 0.068 0.117
0.000 0.044 0.131
1.000 0.062 0.148
1.000 0.080 0.140
0.000 0.060 0.145
1.000 0.087 0.083
0.000 0.084 0.105
0.000 0.040 0.147
1.000 0.045 0.160
1.000 0.082 0.124
1.000 0.068 0.111
1.000 0.068 0.118
1.000 0.062 0.133
1.000 0.073 0.110
1.000 0.074 0.146
1.000 0.061 0.156
0.000 0.068 0.129
0.000 0.070 0.138
0.000 0.078 0.118
0.000 0.081 0.098
1.000 0.061 0.137
0.000 0.076 0.114
0.000 0.074 0.150
0.000 0.103 0.150
1.000 0.041 0.105
0.000 0.057 0.140
0.000 0.046 0.147
0.000 0.081 0.083
0.000 0.093 0.162
1.000 0.092 0.095
0.000 0.056 0.148
0.000 0.041 0.144
0.000 0.089 0.119
0.000 0.081 0.078
0.000 0.078 0.076
0.000 0.069 0.141
1.000 0.085 0.110
1.000 0.049 0.161
1.000 0.066 0.143
1.000 0.061 0.151
0.000 0.067 0.106
1.000 0.082 0.138
1.000 0.032 0.150
1.000 0.065 0.140
1.000 0.087 0.125
0.000 0.054 0.142
0.000 0.067 0.119
0.000 0.059 0.144
1.000 0.066 0.142
1.000 0.079 0.092
1.000 0.054 0.135
1.000 0.058 0.161
1.000 0.067 0.145
1.000 0.074 0.090
1.000 0.091 0.129
1.000 0.077 0.131
0.000 0.060 0.142
0.000 0.075 0.121
1.000 0.070 0.138
1.000 0.072 0.109
0.000 0.081 0.092
0.000 0.077 0.077
1.000 0.067 0.111
1.000 0.067 0.116
1.000 0.077 0.130
1.000 0.051 0.148
1.000 0.066 0.125
1.000 0.054 0.123
0.000 0.051 0.129
1.000 0.037 0.123
0.000 0.037 0.135
1.000 0.052 0.152
0.000 0.048 0.128
1.000 0.097 0.141
1.000 0.080 0.145
1.000 0.047 0.155
1.000 0.068 0.098
1.000 0.087 0.115
0.000 0.069 0.115
1.000 0.034 0.170
0.000 0.073 0.065
0.000 0.106 0.175
1.000 0.067 0.129
0.000 0.077 0.139
1.000 0.086 0.144
0.000 0.081 0.073
1.000 0.066 0.129
0.000 0.079 0.081
1.000 0.059 0.142
0.000 0.071 0.069
0.000 0.103 0.187
0.000 0.040 0.129
0.000 0.086 0.108
0.000 0.060 0.157
1.000 0.058 0.152
0.000 0.079 0.088
1.000 0.060 0.145
1.000 0.081 0.144
0.000 0.057 0.147
0.000 0.057 0.157
0.000 0.063 0.127
1.000 0.053 0.150
1.000 0.086 0.103
1.000 0.080 0.146
1.000 0.088 0.114
0.000 0.080 0.076
1.000 0.072 0.138
1.000 0.066 0.142
0.000 0.081 0.076
1.000 0.068 0.133
0.000 0.043 0.144
1.000 0.043 0.166
1.000 0.087 0.126
1.000 0.060 0.161
1.000 0.051 0.163
1.000 0.065 0.136
1.000 0.050 0.123
0.000 0.104 0.171
0.000 0.065 0.142
1.000 0.069 0.119
0.000 0.073 0.103
0.000 0.079 0.070
0.000 0.077 0.103
0.000 0.083 0.122
0.000 0.086 0.143
1.000 0.088 0.083
1.000 0.077 0.135
0.000 0.081 0.104
0.000 0.057 0.153
1.000 0.053 0.153
0.000 0.058 0.141
0.000 0.059 0.141
1.000 0.097 0.109
1.000 0.082 0.134
1.000 0.053 0.144
1.000 0.085 0.151
1.000 0.088 0.120
0.000 0.047 0.142
0.000 0.083 0.092
0.000 0.080 0.109
0.000 0.090 0.165
1.000 0.084 0.082
0.000 0.044 0.129
0.000 0.062 0.139
0.000 0.065 0.142
1.000 0.075 0.126
0.000 0.070 0.093
0.000 0.054 0.100
0.000 0.101 0.167
0.000 0.088 0.128
0.000 0.088 0.106
0.000 0.076 0.104
0.000 0.069 0.090
1.000 0.049 0.163
0.000 0.081 0.111
0.000 0.084 0.114
1.000 0.050 0.157
1.000 0.029 0.151
1.000 0.047 0.139
1.000 0.070 0.135
0.000 0.076 0.124
1.000 0.068 0.111
1.000 0.067 0.117
1.000 0.044 0.156
1.000 0.035 0.112
1.000 0.049 0.163
1.000 0.043 0.157
0.000 0.084 0.128
1.000 0.050 0.164
1.000 0.058 0.142
1.000 0.066 0.158
1.000 0.088 0.139
1.000 0.073 0.114
1.000 0.067 0.133
0.000 0.076 0.114
1.000 0.070 0.134
1.000 0.047 0.155
0.000 0.060 0.143
1.000 0.057 0.134
1.000 0.046 0.156
1.000 0.079 0.133
1.000 0.073 0.131
0.000 0.079 0.079
1.000 0.087 0.120
0.000 0.075 0.072
0.000 0.045 0.147
1.000 0.058 0.144
1.000 0.053 0.136
0.000 0.045 0.136
0.000 0.069 0.131
1.000 0.091 0.097
1.000 0.078 0.123
0.000 0.078 0.076
0.000 0.085 0.136
0.000 0.058 0.148
1.000 0.069 0.131
0.000 0.072 0.090
1.000 0.054 0.153
0.000 0.039 0.135
1.000 0.060 0.147
0.000 0.070 0.126
0.000 0.044 0.130
0.000 0.082 0.084
0.000 0.042 0.137
1.000 0.093 0.078
0.000 0.068 0.110
1.000 0.043 0.173
1.000 0.073 0.130
0.000 0.081 0.098
0.000 0.109 0.173
1.000 0.032 0.173
1.000 0.062 0.161
1.000 0.059 0.149
0.000 0.102 0.183
1.000 0.065 0.136
1.000 0.086 0.118
1.000 0.063 0.138
1.000 0.038 0.171
1.000 0.066 0.146
1.000 0.087 0.123
0.000 0.107 0.174
1.000 0.065 0.145
0.000 0.051 0.135
1.000 0.052 0.152
0.000 0.071 0.135
1.000 0.069 0.143
1.000 0.088 0.122
1.000 0.076 0.142
0.000 0.050 0.155
0.000 0.074 0.108
1.000 0.049 0.163
1.000 0.071 0.141
0.000 0.061 0.150
0.000 0.089 0.109
0.000 0.073 0.109
1.000 0.030 0.169
0.000 0.089 0.166
1.000 0.062 0.141
1.000 0.058 0.150
0.000 0.061 0.136
1.000 0.087 0.115
1.000 0.073 0.138
1.000 0.080 0.117
1.000 0.089 0.120
1.000 0.062 0.137
1.000 0.064 0.138
1.000 0.044 0.154
0.000 0.109 0.178
0.000 0.080 0.082
0.000 0.081 0.080
0.000 0.071 0.128
0.000 0.067 0.127
1.000 0.081 0.146
1.000 0.047 0.144
0.000 0.054 0.140
1.000 0.037 0.170
1.000 0.058 0.132
0.000 0.061 0.146
1.000 0.042 0.157
1.000 0.063 0.137
1.000 0.046 0.155
1.000 0.056 0.158
1.000 0.089 0.120
0.000 0.069 0.129
1.000 0.088 0.114
1.000 0.061 0.157
0.000 0.064 0.145
0.000 0.077 0.122
1.000 0.059 0.149
1.000 0.059 0.135
0.000 0.081 0.097
1.000 0.059 0.151
0.000 0.042 0.143
0.000 0.068 0.120
0.000 0.070 0.135
1.000 0.054 0.161
0.000 0.069 0.155
0.000 0.084 0.100
0.000 0.070 0.117
1.000 0.065 0.148
1.000 0.060 0.144
1.000 0.070 0.141
0.000 0.070 0.138
0.000 0.043 0.146
0.000 0.048 0.131
1.000 0.083 0.081
1.000 0.055 0.151
1.000 0.082 0.148
1.000 0.044 0.153
0.000 0.066 0.142
0.000 0.069 0.118
0.000 0.072 0.138
1.000 0.070 0.134
1.000 0.083 0.133
0.000 0.067 0.146
1.000 0.044 0.155
1.000 0.084 0.147
1.000 0.079 0.097
1.000 0.059 0.150
1.000 0.058 0.150
1.000 0.073 0.140
1.000 0.060 0.146
1.000 0.025 0.123
0.000 0.048 0.142
1.000 0.060 0.132
1.000 0.076 0.135
1.000 0.085 0.139
1.000 0.071 0.134
0.000 0.043 0.140
0.000 0.088 0.114
0.000 0.081 0.102
0.000 0.077 0.100
0.000 0.087 0.117
0.000 0.084 0.135
0.000 0.071 0.129
0.000 0.042 0.145
1.000 0.075 0.109
0.000 0.054 0.135
0.000 0.083 0.153
0.000 0.088 0.113
0.000 0.048 0.144
1.000 0.046 0.155
0.000 0.038 0.142
0.000 0.070 0.153
0.000 0.081 0.112
1.000 0.066 0.135
1.000 0.059 0.143
1.000 0.065 0.141
1.000 0.046 0.159
0.000 0.069 0.064
0.000 0.074 0.100
1.000 0.044 0.157
0.000 0.081 0.076
1.000 0.086 0.124
0.000 0.043 0.129
1.000 0.042 0.158
0.000 0.079 0.121
1.000 0.059 0.155
1.000 0.056 0.144
1.000 0.062 0.131
1.000 0.067 0.097
1.000 0.087 0.123
1.000 0.065 0.143
0.000 0.059 0.117
0.000 0.075 0.152
0.000 0.086 0.104
0.000 0.065 0.124
1.000 0.089 0.136
0.000 0.063 0.144
0.000 0.109 0.188
1.000 0.073 0.138
0.000 0.074 0.129
1.000 0.073 0.155
1.000 0.043 0.166
1.000 0.043 0.162
1.000 0.071 0.160
1.000 0.030 0.154
0.000 0.075 0.104
1.000 0.058 0.104
1.000 0.055 0.138
0.000 0.060 0.146
0.000 0.074 0.152
0.000 0.054 0.139
1.000 0.056 0.141
0.000 0.086 0.124
0.000 0.052 0.140
0.000 0.064 0.144
0.000 0.078 0.123
0.000 0.035 0.121
0.000 0.074 0.148
1.000 0.061 0.082
1.000 0.079 0.149
1.000 0.079 0.104
0.000 0.078 0.112
0.000 0.082 0.087
1.000 0.074 0.159
0.000 0.072 0.131
1.000 0.072 0.148
1.000 0.059 0.151
1.000 0.040 0.158
0.000 0.078 0.133
0.000 0.080 0.143
0.000 0.103 0.163
0.000 0.069 0.139
0.000 0.101 0.153
0.000 0.068 0.142
0.000 0.077 0.148
1.000 0.066 0.119
1.000 0.068 0.116
0.000 0.109 0.174
0.000 0.039 0.134
0.000 0.066 0.147
0.000 0.080 0.083
0.000 0.081 0.108
1.000 0.054 0.142
1.000 0.030 0.151
1.000 0.038 0.154
0.000 0.081 0.089
1.000 0.054 0.148
1.000 0.055 0.141
0.000 0.086 0.098
1.000 0.038 0.135
1.000 0.088 0.128
1.000 0.042 0.159
1.000 0.081 0.085
0.000 0.082 0.119
0.000 0.076 0.148
0.000 0.037 0.144
0.000 0.086 0.095
0.000 0.045 0.138
1.000 0.082 0.136
1.000 0.067 0.134
0.000 0.101 0.146
1.000 0.070 0.100
1.000 0.075 0.105
1.000 0.067 0.106
1.000 0.062 0.143
0.000 0.077 0.104
0.000 0.081 0.069
0.000 0.074 0.121
0.000 0.078 0.076
0.000 0.080 0.077
1.000 0.087 0.134
1.000 0.046 0.159
1.000 0.054 0.152
0.000 0.055 0.144
1.000 0.073 0.117
0.000 0.077 0.074
1.000 0.070 0.142
1.000 0.061 0.152
1.000 0.088 0.115
0.000 0.049 0.142
0.000 0.080 0.076
0.000 0.037 0.143
0.000 0.083 0.101
0.000 0.073 0.146
1.000 0.063 0.126
1.000 0.072 0.139
1.000 0.074 0.114
1.000 0.073 0.120
1.000 0.072 0.095
1.000 0.069 0.131
1.000 0.062 0.160
1.000 0.082 0.127
1.000 0.074 0.106
0.000 0.079 0.102
0.000 0.082 0.098
1.000 0.048 0.160
1.000 0.087 0.122
1.000 0.073 0.138
1.000 0.094 0.143
1.000 0.062 0.147
0.000 0.076 0.114
1.000 0.069 0.143
0.000 0.084 0.108
0.000 0.068 0.135
1.000 0.075 0.139
1.000 0.044 0.152
0.000 0.048 0.144
0.000 0.085 0.118
0.000 0.043 0.145
0.000 0.077 0.095
1.000 0.063 0.151
0.000 0.065 0.136
0.000 0.082 0.093
0.000 0.076 0.076
1.000 0.068 0.132
1.000 0.070 0.130
1.000 0.056 0.131
1.000 0.070 0.115
1.000 0.066 0.134
1.000 0.062 0.148
0.000 0.043 0.121
1.000 0.076 0.135
0.000 0.044 0.141
0.000 0.077 0.075
1.000 0.048 0.144
0.000 0.063 0.142
0.000 0.076 0.111
0.000 0.102 0.157
1.000 0.046 0.164
1.000 0.082 0.063
1.000 0.084 0.106
1.000 0.059 0.155
0.000 0.065 0.140
1.000 0.053 0.148
1.000 0.090 0.106
0.000 0.077 0.091
1.000 0.088 0.121
1.000 0.055 0.139
1.000 0.080 0.107
0.000 0.070 0.144
0.000 0.081 0.134
1.000 0.052 0.139
0.000 0.047 0.144
1.000 0.068 0.111
1.000 0.049 0.135
1.000 0.077 0.080
0.000 0.079 0.074
1.000 0.083 0.145
1.000 0.051 0.153
0.000 0.100 0.152
0.000 0.046 0.137
0.000 0.085 0.143
0.000 0.076 0.074
1.000 0.054 0.161
0.000 0.069 0.150
0.000 0.038 0.143
1.000 0.079 0.141
1.000 0.074 0.137
0.000 0.079 0.124
0.000 0.068 0.151
0.000 0.077 0.093
0.000 0.057 0.153
0.000 0.057 0.149
0.000 0.057 0.148
0.000 0.037 0.141
1.000 0.069 0.142
1.000 0.043 0.155
1.000 0.054 0.161
0.000 0.080 0.120
0.000 0.071 0.075
1.000 0.073 0.123
1.000 0.074 0.106
1.000 0.057 0.137
0.000 0.045 0.139
1.000 0.057 0.149
1.000 0.052 0.152
0.000 0.066 0.119
1.000 0.078 0.135
1.000 0.075 0.138
0.000 0.062 0.149
0.000 0.032 0.145
0.000 0.063 0.147
0.000 0.086 0.114
0.000 0.067 0.132
1.000 0.073 0.139
1.000 0.086 0.090
1.000 0.060 0.156
1.000 0.028 0.153
1.000 0.070 0.110
1.000 0.053 0.148
1.000 0.053 0.138
1.000 0.061 0.126
0.000 0.059 0.128
1.000 0.061 0.147
1.000 0.070 0.148
1.000 0.044 0.152
1.000 0.072 0.111
1.000 0.045 0.170
0.000 0.079 0.148
0.000 0.054 0.133
1.000 0.077 0.150
0.000 0.079 0.106
1.000 0.024 0.127
1.000 0.075 0.109
0.000 0.044 0.146
1.000 0.087 0.145
1.000 0.070 0.076
1.000 0.093 0.114
0.000 0.072 0.090
1.000 0.074 0.106
1.000 0.069 0.099
0.000 0.044 0.143
0.000 0.080 0.099
1.000 0.064 0.143
0.000 0.079 0.101
1.000 0.044 0.158
1.000 0.087 0.123
0.000 0.050 0.147
0.000 0.081 0.089
0.000 0.045 0.142
0.000 0.076 0.104
1.000 0.056 0.140
1.000 0.081 0.149
1.000 0.039 0.154
1.000 0.046 0.143
0.000 0.082 0.096
0.000 0.065 0.130
0.000 0.070 0.120
0.000 0.065 0.141
0.000 0.062 0.144
0.000 0.062 0.142
1.000 0.062 0.147
1.000 0.075 0.166
0.000 0.081 0.088
0.000 0.087 0.099
0.000 0.082 0.121
0.000 0.050 0.137
1.000 0.052 0.165
0.000 0.069 0.119
1.000 0.071 0.136
0.000 0.067 0.136
1.000 0.067 0.153
1.000 0.059 0.139
0.000 0.070 0.146
1.000 0.050 0.136
1.000 0.073 0.092
0.000 0.078 0.074
1.000 0.057 0.143
0.000 0.086 0.103
0.000 0.046 0.144
1.000 0.063 0.143
0.000 0.082 0.089
0.000 0.043 0.142
0.000 0.069 0.143
0.000 0.066 0.138
1.000 0.063 0.142
0.000 0.057 0.152
0.000 0.042 0.144
0.000 0.068 0.134
0.000 0.057 0.143
1.000 0.088 0.121
0.000 0.078 0.100
0.000 0.047 0.144
1.000 0.087 0.127
1.000 0.056 0.151
0.000 0.071 0.123
0.000 0.043 0.146
0.000 0.065 0.142
0.000 0.077 0.062
0.000 0.075 0.142
1.000 0.060 0.152
1.000 0.048 0.156
0.000 0.070 0.113
1.000 0.058 0.143
0.000 0.059 0.150
0.000 0.055 0.141
0.000 0.081 0.115
1.000 0.061 0.146
0.000 0.060 0.145
0.000 0.079 0.074
0.000 0.060 0.153
0.000 0.077 0.085
0.000 0.068 0.128
0.000 0.083 0.111
0.000 0.079 0.079
0.000 0.077 0.122
0.000 0.066 0.132
1.000 0.065 0.149
1.000 0.044 0.157
1.000 0.088 0.146
0.000 0.080 0.090
1.000 0.085 0.123
1.000 0.061 0.147
0.000 0.060 0.137
0.000 0.046 0.142
0.000 0.076 0.126
1.000 0.057 0.126
1.000 0.073 0.132
1.000 0.059 0.148
0.000 0.072 0.153
0.000 0.082 0.109
0.000 0.063 0.119
1.000 0.066 0.152
0.000 0.058 0.144
0.000 0.080 0.072
0.000 0.081 0.088
0.000 0.055 0.145
0.000 0.044 0.148
0.000 0.070 0.135
0.000 0.039 0.138
0.000 0.106 0.188
0.000 0.080 0.111
1.000 0.061 0.127
1.000 0.058 0.151
0.000 0.041 0.142
1.000 0.061 0.130
1.000 0.061 0.146
1.000 0.087 0.127
1.000 0.043 0.158
0.000 0.068 0.128
0.000 0.068 0.143
1.000 0.075 0.141
1.000 0.088 0.127
1.000 0.088 0.139
1.000 0.043 0.161
1.000 0.044 0.157
0.000 0.082 0.088
1.000 0.075 0.093
1.000 0.068 0.101
1.000 0.062 0.148
1.000 0.055 0.151
1.000 0.074 0.124
1.000 0.073 0.112
0.000 0.058 0.148
0.000 0.037 0.147
0.000 0.061 0.139
1.000 0.060 0.127
0.000 0.059 0.153
0.000 0.069 0.116
1.000 0.043 0.142
1.000 0.058 0.121
1.000 0.061 0.144
0.000 0.050 0.143
1.000 0.086 0.126
0.000 0.079 0.071
0.000 0.080 0.106
1.000 0.071 0.141
1.000 0.044 0.159
0.000 0.049 0.136
1.000 0.076 0.135
1.000 0.070 0.138
1.000 0.139 0.143
1.000 0.064 0.134
0.000 0.058 0.157
0.000 0.080 0.092
0.000 0.082 0.153
0.000 0.081 0.132
1.000 0.044 0.159
0.000 0.080 0.076
0.000 0.059 0.148
1.000 0.032 0.169
0.000 0.062 0.137
1.000 0.059 0.144
0.000 0.078 0.080
0.000 0.077 0.085
0.000 0.085 0.123
0.000 0.081 0.152
0.000 0.041 0.133
1.000 0.075 0.120
1.000 0.070 0.105
1.000 0.044 0.154
1.000 0.053 0.163
1.000 0.045 0.159
1.000 0.044 0.157
1.000 0.063 0.143
0.000 0.044 0.145
0.000 0.062 0.142
0.000 0.069 0.131
0.000 0.077 0.140
0.000 0.077 0.078
0.000 0.067 0.125
0.000 0.064 0.081
1.000 0.059 0.150
1.000 0.085 0.116
1.000 0.088 0.128
0.000 0.079 0.072
1.000 0.050 0.137
1.000 0.059 0.123
0.000 0.080 0.070
0.000 0.081 0.131
0.000 0.080 0.082
0.000 0.057 0.146
0.000 0.075 0.109
0.000 0.084 0.096
0.000 0.083 0.089
1.000 0.082 0.138
1.000 0.080 0.130
1.000 0.074 0.149
0.000 0.044 0.144
0.000 0.051 0.150
0.000 0.076 0.154
0.000 0.082 0.112
0.000 0.038 0.135
1.000 0.087 0.083
1.000 0.063 0.162
1.000 0.065 0.151
0.000 0.047 0.131
1.000 0.080 0.140
1.000 0.074 0.133
1.000 0.045 0.157
0.000 0.068 0.128
1.000 0.087 0.121
0.000 0.068 0.153
0.000 0.066 0.140
0.000 0.072 0.122
1.000 0.088 0.121
1.000 0.065 0.134
1.000 0.079 0.102
1.000 0.060 0.151
0.000 0.077 0.124
1.000 0.062 0.139
1.000 0.066 0.154
0.000 0.044 0.145
1.000 0.085 0.142
0.000 0.058 0.140
0.000 0.056 0.147
0.000 0.043 0.145
0.000 0.084 0.124
0.000 0.064 0.141
1.000 0.043 0.154
0.000 0.082 0.063
0.000 0.084 0.101
0.000 0.052 0.150
1.000 0.067 0.150
0.000 0.106 0.203
0.000 0.078 0.092
0.000 0.041 0.139
1.000 0.044 0.157
0.000 0.033 0.147
0.000 0.067 0.151
0.000 0.089 0.111
1.000 0.080 0.129
0.000 0.073 0.068
0.000 0.076 0.123
1.000 0.079 0.124
0.000 0.048 0.145
1.000 0.072 0.138
0.000 0.080 0.128
0.000 0.064 0.152
0.000 0.076 0.134
0.000 0.038 0.132
0.000 0.053 0.147
1.000 0.083 0.107
1.000 0.070 0.142
0.000 0.100 0.150
1.000 0.059 0.162
0.000 0.068 0.119
0.000 0.083 0.119
0.000 0.081 0.149
0.000 0.079 0.103
1.000 0.052 0.152
1.000 0.069 0.148
0.000 0.073 0.128
0.000 0.079 0.141
0.000 0.070 0.116
0.000 0.082 0.078
1.000 0.082 0.148
1.000 0.057 0.144
1.000 0.076 0.128
1.000 0.061 0.148
1.000 0.052 0.126
0.000 0.080 0.100
0.000 0.045 0.145
0.000 0.083 0.091
1.000 0.080 0.132
1.000 0.073 0.127
0.000 0.084 0.099
0.000 0.079 0.123
0.000 0.079 0.092
0.000 0.052 0.143
1.000 0.072 0.136
0.000 0.078 0.078
1.000 0.087 0.083
1.000 0.032 0.172
1.000 0.062 0.148
0.000 0.045 0.140
1.000 0.068 0.139
0.000 0.080 0.108
0.000 0.059 0.143
1.000 0.086 0.135
1.000 0.031 0.173
0.000 0.072 0.133
0.000 0.079 0.142
0.000 0.069 0.118
0.000 0.050 0.145
1.000 0.049 0.160
1.000 0.063 0.141
0.000 0.106 0.179
1.000 0.080 0.103
1.000 0.052 0.152
0.000 0.053 0.130
0.000 0.076 0.144
0.000 0.084 0.118
0.000 0.049 0.140
1.000 0.059 0.148
1.000 0.061 0.150
0.000 0.069 0.088
0.000 0.068 0.135
0.000 0.048 0.146
0.000 0.072 0.105
1.000 0.060 0.150
1.000 0.069 0.129
0.000 0.091 0.163
0.000 0.052 0.138
1.000 0.042 0.159
0.000 0.062 0.122
1.000 0.047 0.160
0.000 0.068 0.118
1.000 0.072 0.096
0.000 0.062 0.136
1.000 0.054 0.151
1.000 0.074 0.109
1.000 0.073 0.111
0.000 0.080 0.096
1.000 0.057 0.151
1.000 0.087 0.125
0.000 0.044 0.141
0.000 0.041 0.144
0.000 0.081 0.091
0.000 0.041 0.144
1.000 0.074 0.125
1.000 0.067 0.120
1.000 0.054 0.152
0.000 0.078 0.076
1.000 0.073 0.130
0.000 0.074 0.102
0.000 0.079 0.069
0.000 0.083 0.104
0.000 0.065 0.151
1.000 0.072 0.138
1.000 0.052 0.152
1.000 0.085 0.096
1.000 0.083 0.140
0.000 0.068 0.158
1.000 0.054 0.144
0.000 0.080 0.094
1.000 0.062 0.128
1.000 0.076 0.152
0.000 0.039 0.129
1.000 0.066 0.109
1.000 0.074 0.095
0.000 0.110 0.172
1.000 0.030 0.152
1.000 0.038 0.154
0.000 0.068 0.117
1.000 0.077 0.129
1.000 0.088 0.151
1.000 0.072 0.085
0.000 0.082 0.080
0.000 0.073 0.061
1.000 0.085 0.135
0.000 0.044 0.136
1.000 0.062 0.128
1.000 0.060 0.122
1.000 0.078 0.126
0.000 0.067 0.118
1.000 0.084 0.156
0.000 0.076 0.114
1.000 0.072 0.117
1.000 0.065 0.110
0.000 0.073 0.091
0.000 0.059 0.138
0.000 0.074 0.116
0.000 0.083 0.099
0.000 0.079 0.130
1.000 0.043 0.154
1.000 0.066 0.167
0.000 0.037 0.138
0.000 0.083 0.097
1.000 0.059 0.148
0.000 0.079 0.074
1.000 0.063 0.145
1.000 0.061 0.152
1.000 0.087 0.118
1.000 0.072 0.113
1.000 0.075 0.101
0.000 0.082 0.093
0.000 0.069 0.119
1.000 0.085 0.131
0.000 0.063 0.138
0.000 0.068 0.118
1.000 0.059 0.149
0.000 0.063 0.132
0.000 0.080 0.115
0.000 0.109 0.174
1.000 0.054 0.152
1.000 0.075 0.143
0.000 0.069 0.134
1.000 0.052 0.145
0.000 0.060 0.127
1.000 0.070 0.143
0.000 0.055 0.148
1.000 0.082 0.138
1.000 0.042 0.158
0.000 0.063 0.144
0.000 0.042 0.139
1.000 0.072 0.138
0.000 0.043 0.137
1.000 0.071 0.161
1.000 0.077 0.137
1.000 0.072 0.143
1.000 0.086 0.138
1.000 0.080 0.148
1.000 0.042 0.157
1.000 0.057 0.152
1.000 0.061 0.148
0.000 0.078 0.075
0.000 0.069 0.141
1.000 0.089 0.117
1.000 0.046 0.159
1.000 0.074 0.096
0.000 0.059 0.132
0.000 0.059 0.142
0.000 0.073 0.132
1.000 0.045 0.162
1.000 0.056 0.151
0.000 0.107 0.174
0.000 0.052 0.132
1.000 0.050 0.150
1.000 0.062 0.147
1.000 0.037 0.152
1.000 0.057 0.144
1.000 0.061 0.141
0.000 0.046 0.140
0.000 0.052 0.134
1.000 0.044 0.159
1.000 0.076 0.138
1.000 0.053 0.136
1.000 0.082 0.125
1.000 0.058 0.153
0.000 0.060 0.142
0.000 0.077 0.090
0.000 0.083 0.094
0.000 0.054 0.152
1.000 0.055 0.162
0.000 0.079 0.092
0.000 0.079 0.114
0.000 0.081 0.076
1.000 0.051 0.115
0.000 0.063 0.145
1.000 0.073 0.132
0.000 0.038 0.140
0.000 0.104 0.187
1.000 0.083 0.131
1.000 0.088 0.124
0.000 0.077 0.097
0.000 0.080 0.131
0.000 0.073 0.145
1.000 0.042 0.152
0.000 0.038 0.138
0.000 0.044 0.142
0.000 0.061 0.131
0.000 0.064 0.151
0.000 0.045 0.142
1.000 0.074 0.116
1.000 0.057 0.141
1.000 0.060 0.147
0.000 0.049 0.146
0.000 0.082 0.103
0.000 0.084 0.124
0.000 0.069 0.119
0.000 0.078 0.077
0.000 0.081 0.127
0.000 0.084 0.108
0.000 0.043 0.139
1.000 0.060 0.148
1.000 0.073 0.147
1.000 0.048 0.160
0.000 0.054 0.139
0.000 0.052 0.148
1.000 0.080 0.122
0.000 0.047 0.133
0.000 0.037 0.138
1.000 0.056 0.130
0.000 0.089 0.099
0.000 0.075 0.150
0.000 0.075 0.102
0.000 0.079 0.062
0.000 0.083 0.113
0.000 0.061 0.153
1.000 0.082 0.131
0.000 0.076 0.112
0.000 0.042 0.143
0.000 0.040 0.130
1.000 0.041 0.159
0.000 0.066 0.142
0.000 0.049 0.146
0.000 0.048 0.129
1.000 0.063 0.138
1.000 0.044 0.158
1.000 0.053 0.152
1.000 0.076 0.108
0.000 0.075 0.129
1.000 0.066 0.140
0.000 0.057 0.151
0.000 0.043 0.146
0.000 0.084 0.114
1.000 0.063 0.139
0.000 0.071 0.107
1.000 0.063 0.144
1.000 0.055 0.137
1.000 0.052 0.135
1.000 0.063 0.125
0.000 0.073 0.107
1.000 0.061 0.152
1.000 0.055 0.163
1.000 0.073 0.141
1.000 0.087 0.123
1.000 0.057 0.128
0.000 0.053 0.141
1.000 0.057 0.157
1.000 0.062 0.141
1.000 0.086 0.118
1.000 0.062 0.156
0.000 0.068 0.121
0.000 0.067 0.149
0.000 0.076 0.079
1.000 0.044 0.159
1.000 0.073 0.139
0.000 0.061 0.129
1.000 0.067 0.132
1.000 0.079 0.143
1.000 0.076 0.136
0.000 0.061 0.141
1.000 0.073 0.102
0.000 0.064 0.141
1.000 0.060 0.147
1.000 0.055 0.142
1.000 0.087 0.130
0.000 0.076 0.126
0.000 0.081 0.074
1.000 0.070 0.142
1.000 0.071 0.082
1.000 0.053 0.153
0.000 0.065 0.131
1.000 0.086 0.134
0.000 0.099 0.148
1.000 0.051 0.147
1.000 0.072 0.141
1.000 0.054 0.152
0.000 0.071 0.148
0.000 0.044 0.142
0.000 0.084 0.103
0.000 0.046 0.143
1.000 0.072 0.124
0.000 0.069 0.117
0.000 0.038 0.140
0.000 0.082 0.072
0.000 0.078 0.149
0.000 0.073 0.141
0.000 0.079 0.075
1.000 0.045 0.156
0.000 0.071 0.110
0.000 0.084 0.099
0.000 0.058 0.159
0.000 0.043 0.135
0.000 0.074 0.099
1.000 0.065 0.134
0.000 0.054 0.146
1.000 0.091 0.118
1.000 0.062 0.139
0.000 0.109 0.202
1.000 0.074 0.139
1.000 0.069 0.141
0.000 0.041 0.135
0.000 0.072 0.145
1.000 0.074 0.105
0.000 0.081 0.071
0.000 0.077 0.076
0.000 0.069 0.150
0.000 0.082 0.143
0.000 0.079 0.063
1.000 0.060 0.128
0.000 0.080 0.103
1.000 0.071 0.141
1.000 0.089 0.105
0.000 0.077 0.140
0.000 0.043 0.135
1.000 0.074 0.140
0.000 0.084 0.122
0.000 0.068 0.134
0.000 0.106 0.179
1.000 0.072 0.144
1.000 0.089 0.127
0.000 0.059 0.143
1.000 0.073 0.116
1.000 0.072 0.109
1.000 0.060 0.148
1.000 0.088 0.106
1.000 0.032 0.155
0.000 0.062 0.135
0.000 0.065 0.145
1.000 0.071 0.128
1.000 0.071 0.093
1.000 0.056 0.133
0.000 0.053 0.140
0.000 0.087 0.106
0.000 0.076 0.123
1.000 0.061 0.146
1.000 0.062 0.142
1.000 0.044 0.157
0.000 0.055 0.137
0.000 0.038 0.134
0.000 0.062 0.129
0.000 0.079 0.092
0.000 0.087 0.101
0.000 0.051 0.144
1.000 0.045 0.155
1.000 0.061 0.148
1.000 0.071 0.158
1.000 0.054 0.144
1.000 0.055 0.144
0.000 0.040 0.136
0.000 0.041 0.138
0.000 0.079 0.107
0.000 0.063 0.134
0.000 0.082 0.101
0.000 0.072 0.146
0.000 0.042 0.149
1.000 0.085 0.083
0.000 0.080 0.093
0.000 0.080 0.151
0.000 0.081 0.126
1.000 0.084 0.082
0.000 0.079 0.068
0.000 0.079 0.070
0.000 0.043 0.142
0.000 0.080 0.077
0.000 0.059 0.153
0.000 0.068 0.135
0.000 0.082 0.077
1.000 0.040 0.158
1.000 0.052 0.159
1.000 0.073 0.140
1.000 0.081 0.125
0.000 0.056 0.146
0.000 0.071 0.118
0.000 0.084 0.122
0.000 0.082 0.099
0.000 0.071 0.089
0.000 0.076 0.122
0.000 0.042 0.137
0.000 0.042 0.141
0.000 0.056 0.147
1.000 0.059 0.151
1.000 0.057 0.154
1.000 0.028 0.152
1.000 0.070 0.109
0.000 0.108 0.173
1.000 0.087 0.115
1.000 0.071 0.093
0.000 0.067 0.127
0.000 0.085 0.099
0.000 0.073 0.129
0.000 0.083 0.127
0.000 0.057 0.140
0.000 0.080 0.126
0.000 0.086 0.131
0.000 0.085 0.117
0.000 0.077 0.090
0.000 0.083 0.096
1.000 0.076 0.116
1.000 0.074 0.125
0.000 0.073 0.132
1.000 0.086 0.094
1.000 0.032 0.153
1.000 0.086 0.112
1.000 0.073 0.144
0.000 0.076 0.124
1.000 0.081 0.147
1.000 0.053 0.146
1.000 0.070 0.131
1.000 0.060 0.130
0.000 0.101 0.167
1.000 0.043 0.152
0.000 0.082 0.089
0.000 0.051 0.155
1.000 0.068 0.129
1.000 0.069 0.131
1.000 0.075 0.112
1.000 0.060 0.146
0.000 0.059 0.140
1.000 0.070 0.104
0.000 0.054 0.141
0.000 0.077 0.076
0.000 0.073 0.143
0.000 0.083 0.100
0.000 0.066 0.134
0.000 0.062 0.138
1.000 0.062 0.147
1.000 0.096 0.151
1.000 0.058 0.140
1.000 0.084 0.140
0.000 0.037 0.131
1.000 0.043 0.157
1.000 0.087 0.143
0.000 0.080 0.116
1.000 0.085 0.116
1.000 0.087 0.129
0.000 0.107 0.175
0.000 0.064 0.118
0.000 0.058 0.148
0.000 0.037 0.140
1.000 0.056 0.151
0.000 0.079 0.139
0.000 0.080 0.141
1.000 0.071 0.131
0.000 0.085 0.103
1.000 0.059 0.150
0.000 0.080 0.097
0.000 0.081 0.073
0.000 0.071 0.128
0.000 0.075 0.147
0.000 0.081 0.138
0.000 0.069 0.111
1.000 0.040 0.158
0.000 0.073 0.133
1.000 0.071 0.144
1.000 0.057 0.134
0.000 0.060 0.139
0.000 0.047 0.144
0.000 0.082 0.099
0.000 0.061 0.128
0.000 0.083 0.131
0.000 0.070 0.149
0.000 0.079 0.063
0.000 0.080 0.109
1.000 0.061 0.148
1.000 0.070 0.102
1.000 0.075 0.096
1.000 0.086 0.082
1.000 0.082 0.135
1.000 0.085 0.116
1.000 0.044 0.142
1.000 0.037 0.157
1.000 0.031 0.151
0.000 0.067 0.143
0.000 0.078 0.107
0.000 0.082 0.091
1.000 0.088 0.118
0.000 0.062 0.146
0.000 0.064 0.146
1.000 0.086 0.134
1.000 0.088 0.119
1.000 0.051 0.128
0.000 0.050 0.146
0.000 0.102 0.153
0.000 0.080 0.074
0.000 0.039 0.135
1.000 0.039 0.150
1.000 0.030 0.153
0.000 0.078 0.133
0.000 0.082 0.096
1.000 0.087 0.121
1.000 0.076 0.103
1.000 0.057 0.143
0.000 0.081 0.077
1.000 0.059 0.138
1.000 0.076 0.141
0.000 0.066 0.112
1.000 0.047 0.160
0.000 0.048 0.138
1.000 0.053 0.159
0.000 0.080 0.087
1.000 0.073 0.138
1.000 0.029 0.148
1.000 0.037 0.154
0.000 0.043 0.138
0.000 0.079 0.094
0.000 0.077 0.146
0.000 0.084 0.101
1.000 0.080 0.143
1.000 0.046 0.150
0.000 0.071 0.120
0.000 0.046 0.144
0.000 0.083 0.096
0.000 0.079 0.108
1.000 0.058 0.170
1.000 0.058 0.144
1.000 0.052 0.152
0.000 0.061 0.128
1.000 0.062 0.152
0.000 0.072 0.077
1.000 0.054 0.152
1.000 0.060 0.147
1.000 0.085 0.102
0.000 0.079 0.108
1.000 0.069 0.146
1.000 0.068 0.148
0.000 0.105 0.184
1.000 0.075 0.104
1.000 0.071 0.112
1.000 0.031 0.169
0.000 0.048 0.146
0.000 0.077 0.073
0.000 0.045 0.142
0.000 0.067 0.150
0.000 0.075 0.076
0.000 0.071 0.132
1.000 0.070 0.127
0.000 0.077 0.073
1.000 0.061 0.161
0.000 0.069 0.136
1.000 0.056 0.125
1.000 0.063 0.115
1.000 0.042 0.157
0.000 0.083 0.125
0.000 0.039 0.142
1.000 0.084 0.156
1.000 0.064 0.144
0.000 0.066 0.142
0.000 0.085 0.122
0.000 0.073 0.124
0.000 0.079 0.080
0.000 0.102 0.150
0.000 0.068 0.137
1.000 0.063 0.115
1.000 0.073 0.141
1.000 0.059 0.144
0.000 0.050 0.143
1.000 0.075 0.106
1.000 0.075 0.115
1.000 0.069 0.090
1.000 0.087 0.150
1.000 0.067 0.137
0.000 0.062 0.133
1.000 0.072 0.159
1.000 0.055 0.148
1.000 0.086 0.116
1.000 0.088 0.135
1.000 0.075 0.094
0.000 0.082 0.089
1.000 0.063 0.141
0.000 0.058 0.142
0.000 0.051 0.135
1.000 0.063 0.141
0.000 0.078 0.072
0.000 0.081 0.136
1.000 0.088 0.124
0.000 0.040 0.138
0.000 0.073 0.093
0.000 0.103 0.150
0.000 0.065 0.141
0.000 0.068 0.122
0.000 0.060 0.147
1.000 0.059 0.156
0.000 0.074 0.155
0.000 0.080 0.060
0.000 0.084 0.107
0.000 0.060 0.134
1.000 0.072 0.138
1.000 0.074 0.109
1.000 0.061 0.125
0.000 0.069 0.095
1.000 0.083 0.120
1.000 0.082 0.139
1.000 0.075 0.134
1.000 0.043 0.157
1.000 0.062 0.157
0.000 0.053 0.146
0.000 0.081 0.113
0.000 0.055 0.148
0.000 0.043 0.148
1.000 0.059 0.143
0.000 0.068 0.119
0.000 0.081 0.092
0.000 0.068 0.119
1.000 0.093 0.211
1.000 0.086 0.111
1.000 0.077 0.131
1.000 0.067 0.132
1.000 0.088 0.124
1.000 0.060 0.144
1.000 0.084 0.128
1.000 0.059 0.161
0.000 0.080 0.078
0.000 0.056 0.150
1.000 0.063 0.129
1.000 0.064 0.143
1.000 0.077 0.100
1.000 0.060 0.132
1.000 0.062 0.132
0.000 0.044 0.145
1.000 0.061 0.162
0.000 0.042 0.143
1.000 0.073 0.144
1.000 0.086 0.134
0.000 0.103 0.149
1.000 0.070 0.142
1.000 0.065 0.142
1.000 0.084 0.131
1.000 0.072 0.154
1.000 0.053 0.136
1.000 0.083 0.080
0.000 0.046 0.143
0.000 0.054 0.138
1.000 0.061 0.138
1.000 0.089 0.123
0.000 0.071 0.107
1.000 0.059 0.157
1.000 0.081 0.150
1.000 0.044 0.157
1.000 0.073 0.138
1.000 0.039 0.160
0.000 0.043 0.147
0.000 0.082 0.095
0.000 0.065 0.139
0.000 0.078 0.110
0.000 0.046 0.137
0.000 0.082 0.125
1.000 0.088 0.112
1.000 0.069 0.148
0.000 0.076 0.125
0.000 0.051 0.143
1.000 0.043 0.163
1.000 0.078 0.144
1.000 0.062 0.142
0.000 0.079 0.145
1.000 0.076 0.139
0.000 0.093 0.162
0.000 0.062 0.123
1.000 0.042 0.159
1.000 0.056 0.139
0.000 0.082 0.076
0.000 0.043 0.135
0.000 0.083 0.100
0.000 0.078 0.072
1.000 0.075 0.134
0.000 0.075 0.098
0.000 0.065 0.137
1.000 0.059 0.156
0.000 0.082 0.079
0.000 0.050 0.112
1.000 0.061 0.151
1.000 0.064 0.136
1.000 0.063 0.136
1.000 0.059 0.129
0.000 0.046 0.138
1.000 0.056 0.142
1.000 0.042 0.160
0.000 0.070 0.109
0.000 0.049 0.143
0.000 0.071 0.146
0.000 0.082 0.136
1.000 0.068 0.086
1.000 0.065 0.125
0.000 0.047 0.127
1.000 0.069 0.143
0.000 0.077 0.113
0.000 0.083 0.077
1.000 0.082 0.092
1.000 0.075 0.143
1.000 0.058 0.142
1.000 0.044 0.154
1.000 0.069 0.143
1.000 0.050 0.162
1.000 0.056 0.151
0.000 0.051 0.084
0.000 0.049 0.152
0.000 0.082 0.111
0.000 0.073 0.122
1.000 0.045 0.156
1.000 0.060 0.157
1.000 0.073 0.141
0.000 0.042 0.146
1.000 0.087 0.130
1.000 0.064 0.132
1.000 0.072 0.121
0.000 0.044 0.152
1.000 0.049 0.161
1.000 0.056 0.145
1.000 0.031 0.152
1.000 0.041 0.152
0.000 0.043 0.142
1.000 0.062 0.150
0.000 0.047 0.152
1.000 0.078 0.130
1.000 0.061 0.162
0.000 0.064 0.138
0.000 0.082 0.096
0.000 0.059 0.148
0.000 0.077 0.065
0.000 0.052 0.133
1.000 0.088 0.126
0.000 0.062 0.139
1.000 0.085 0.136
1.000 0.070 0.128
1.000 0.038 0.172
0.000 0.060 0.140
1.000 0.067 0.148
1.000 0.092 0.075
0.000 0.085 0.140
0.000 0.084 0.111
0.000 0.078 0.085
1.000 0.069 0.081
0.000 0.074 0.102
0.000 0.063 0.155
0.000 0.082 0.114
0.000 0.067 0.105
0.000 0.074 0.106
1.000 0.072 0.112
0.000 0.087 0.100
1.000 0.047 0.169
0.000 0.076 0.097
0.000 0.065 0.148
0.000 0.059 0.114
1.000 0.054 0.133
1.000 0.067 0.111
1.000 0.050 0.133
1.000 0.065 0.108
0.000 0.063 0.144
1.000 0.045 0.155
1.000 0.111 0.136
0.000 0.061 0.140
1.000 0.056 0.151
0.000 0.081 0.123
1.000 0.084 0.102
1.000 0.031 0.149
1.000 0.044 0.159
1.000 0.060 0.148
1.000 0.073 0.141
0.000 0.067 0.134
0.000 0.076 0.102
1.000 0.086 0.134
1.000 0.071 0.148
1.000 0.090 0.087
0.000 0.074 0.118
0.000 0.041 0.140
0.000 0.080 0.077
1.000 0.071 0.133
0.000 0.083 0.122
0.000 0.087 0.118
0.000 0.078 0.074
0.000 0.079 0.108
0.000 0.071 0.151
1.000 0.032 0.153
1.000 0.037 0.152
0.000 0.073 0.126
1.000 0.084 0.096
1.000 0.070 0.142
1.000 0.088 0.118
1.000 0.074 0.101
0.000 0.086 0.174
1.000 0.064 0.138
1.000 0.055 0.159
1.000 0.087 0.125
0.000 0.105 0.171
1.000 0.075 0.103
1.000 0.059 0.142
1.000 0.059 0.128
0.000 0.081 0.070
0.000 0.086 0.101
0.000 0.077 0.105
1.000 0.066 0.167
0.000 0.051 0.138
0.000 0.065 0.147
1.000 0.032 0.165
1.000 0.085 0.125
0.000 0.046 0.142
0.000 0.108 0.193
1.000 0.070 0.101
1.000 0.073 0.137
1.000 0.071 0.153
1.000 0.039 0.143
0.000 0.081 0.144
0.000 0.087 0.128
0.000 0.067 0.124
1.000 0.044 0.154
0.000 0.049 0.136
0.000 0.086 0.130
0.000 0.050 0.150
0.000 0.053 0.145
1.000 0.083 0.127
1.000 0.085 0.097
0.000 0.109 0.180
0.000 0.041 0.122
0.000 0.086 0.140
0.000 0.058 0.149
0.000 0.038 0.134
1.000 0.073 0.047
1.000 0.061 0.147
1.000 0.091 0.100
1.000 0.061 0.142
0.000 0.079 0.073
0.000 0.079 0.101
0.000 0.068 0.143
1.000 0.085 0.131
1.000 0.071 0.122
1.000 0.066 0.128
1.000 0.086 0.118
1.000 0.057 0.093
1.000 0.049 0.162
1.000 0.061 0.135
1.000 0.077 0.116
1.000 0.069 0.141
0.000 0.038 0.138
0.000 0.057 0.153
0.000 0.085 0.091
0.000 0.068 0.137
1.000 0.069 0.129
1.000 0.066 0.130
0.000 0.041 0.135
0.000 0.109 0.173
0.000 0.063 0.138
0.000 0.084 0.098
0.000 0.067 0.129
1.000 0.068 0.119
1.000 0.061 0.148
1.000 0.072 0.140
0.000 0.073 0.107
1.000 0.070 0.144
1.000 0.053 0.144
1.000 0.046 0.160
0.000 0.086 0.132
0.000 0.084 0.097
0.000 0.070 0.143
1.000 0.057 0.154
0.000 0.050 0.132
0.000 0.043 0.139
0.000 0.085 0.111
0.000 0.084 0.137
0.000 0.073 0.116
1.000 0.057 0.151
0.000 0.078 0.106
1.000 0.087 0.120
1.000 0.060 0.141
0.000 0.068 0.105
0.000 0.078 0.082
0.000 0.072 0.153
0.000 0.082 0.111
0.000 0.053 0.148
1.000 0.056 0.142
0.000 0.082 0.093
0.000 0.077 0.076
0.000 0.057 0.133
0.000 0.060 0.146
1.000 0.056 0.161
1.000 0.080 0.136
1.000 0.049 0.159
1.000 0.060 0.122
1.000 0.067 0.103
1.000 0.082 0.125
1.000 0.085 0.156
0.000 0.076 0.098
1.000 0.048 0.160
1.000 0.066 0.133
0.000 0.068 0.111
1.000 0.069 0.080
1.000 0.052 0.144
0.000 0.059 0.148
1.000 0.075 0.137
1.000 0.088 0.121
0.000 0.075 0.136
0.000 0.080 0.117
1.000 0.057 0.125
1.000 0.073 0.095
1.000 0.062 0.150
0.000 0.057 0.134
0.000 0.060 0.146
0.000 0.074 0.147
1.000 0.056 0.144
0.000 0.044 0.138
0.000 0.055 0.131
1.000 0.060 0.152
0.000 0.059 0.125
0.000 0.076 0.141
0.000 0.075 0.147
0.000 0.077 0.090
1.000 0.088 0.122
0.000 0.049 0.139
1.000 0.065 0.144
0.000 0.081 0.172
1.000 0.045 0.158
0.000 0.081 0.108
0.000 0.106 0.185
0.000 0.045 0.148
0.000 0.072 0.063
0.000 0.072 0.087
1.000 0.058 0.150
0.000 0.104 0.152
1.000 0.043 0.157
1.000 0.064 0.143
0.000 0.041 0.145
0.000 0.100 0.149
1.000 0.058 0.148
1.000 0.056 0.145
1.000 0.047 0.146
0.000 0.045 0.147
0.000 0.063 0.144
0.000 0.083 0.102
0.000 0.084 0.121
0.000 0.067 0.143
1.000 0.061 0.173
1.000 0.069 0.124
1.000 0.082 0.084
0.000 0.047 0.146
1.000 0.079 0.128
0.000 0.065 0.106
1.000 0.059 0.147
0.000 0.069 0.129
0.000 0.070 0.068
0.000 0.058 0.125
1.000 0.071 0.141
1.000 0.081 0.150
1.000 0.042 0.156
0.000 0.077 0.119
1.000 0.057 0.128
0.000 0.043 0.142
1.000 0.087 0.122
1.000 0.045 0.162
0.000 0.053 0.150
0.000 0.077 0.116
1.000 0.068 0.146
0.000 0.084 0.123
0.000 0.057 0.133
0.000 0.062 0.141
0.000 0.064 0.135
1.000 0.065 0.135
1.000 0.059 0.146
1.000 0.059 0.132
1.000 0.090 0.121
1.000 0.056 0.142
1.000 0.076 0.141
1.000 0.058 0.153
0.000 0.081 0.097
0.000 0.075 0.097
0.000 0.054 0.142
0.000 0.045 0.148
1.000 0.080 0.057
0.000 0.058 0.122
1.000 0.095 0.133
0.000 0.083 0.078
1.000 0.085 0.135
1.000 0.061 0.147
1.000 0.049 0.164
1.000 0.050 0.162
0.000 0.078 0.119
0.000 0.042 0.145
0.000 0.080 0.063
0.000 0.082 0.098
0.000 0.060 0.154
1.000 0.056 0.151
1.000 0.060 0.153
0.000 0.078 0.095
1.000 0.077 0.141
0.000 0.073 0.128
1.000 0.069 0.141
1.000 0.076 0.145
1.000 0.057 0.143
1.000 0.076 0.133
0.000 0.062 0.128
1.000 0.071 0.136
1.000 0.042 0.158
0.000 0.070 0.142
1.000 0.072 0.151
0.000 0.102 0.147
0.000 0.074 0.148
0.000 0.085 0.118
0.000 0.044 0.143
1.000 0.064 0.139
1.000 0.085 0.080
1.000 0.079 0.151
1.000 0.043 0.162
0.000 0.082 0.094
0.000 0.065 0.158
0.000 0.078 0.076
1.000 0.060 0.147
1.000 0.065 0.119
1.000 0.067 0.129
1.000 0.041 0.083
1.000 0.059 0.159
0.000 0.077 0.120
1.000 0.087 0.129
0.000 0.054 0.137
0.000 0.076 0.138
0.000 0.080 0.110
0.000 0.056 0.146
1.000 0.073 0.114
1.000 0.072 0.172
0.000 0.085 0.110
0.000 0.065 0.153
0.000 0.035 0.122
1.000 0.044 0.160
0.000 0.080 0.077
1.000 0.095 0.091
1.000 0.087 0.081
1.000 0.086 0.152
1.000 0.050 0.159
0.000 0.077 0.118
1.000 0.086 0.133
0.000 0.068 0.142
0.000 0.083 0.125
0.000 0.070 0.135
0.000 0.082 0.123
0.000 0.056 0.141
1.000 0.074 0.086
1.000 0.081 0.146
1.000 0.044 0.155
0.000 0.081 0.080
1.000 0.057 0.143
1.000 0.045 0.160
1.000 0.056 0.145
1.000 0.046 0.159
1.000 0.077 0.147
0.000 0.063 0.143
0.000 0.061 0.146
1.000 0.079 0.127
1.000 0.057 0.144
0.000 0.109 0.173
0.000 0.069 0.119
